100 50 1499
0 2 6
0 4 0
0 7 4
0 9 8
0 12 8
0 13 7
0 17 3
0 18 2
0 24 8
0 25 0
0 27 5
0 29 3
0 34 9
0 35 9
0 36 8
0 43 3
0 44 9
0 46 5
0 48 2
1 3 2
1 5 5
1 7 9
1 11 5
1 17 9
1 18 7
1 19 4
1 23 0
1 25 2
1 26 2
1 27 0
1 31 5
1 33 2
1 37 9
1 38 7
1 39 4
1 42 4
1 44 4
1 48 8
1 49 6
2 3 2
2 11 8
2 14 3
2 17 3
2 19 9
2 27 7
2 29 5
2 30 4
2 32 9
2 35 3
2 38 4
2 45 4
2 47 1
3 1 0
3 7 3
3 9 0
3 14 0
3 17 6
3 22 8
3 26 5
3 31 0
3 34 0
3 35 1
3 41 2
3 46 3
3 47 3
3 49 1
4 0 7
4 2 1
4 5 8
4 6 8
4 10 4
4 19 0
4 23 4
4 25 4
4 28 0
4 33 2
4 34 2
4 36 6
4 37 8
4 38 4
4 39 5
4 40 7
4 43 6
4 45 1
4 49 3
5 7 4
5 9 8
5 11 1
5 13 3
5 15 3
5 18 2
5 21 1
5 24 3
5 26 4
5 27 1
5 28 5
5 33 0
5 34 8
5 38 9
5 39 2
5 47 1
6 2 0
6 3 5
6 4 7
6 5 0
6 7 3
6 9 0
6 11 5
6 12 4
6 13 0
6 14 9
6 17 1
6 21 6
6 25 8
6 26 1
6 28 3
6 46 3
6 47 5
7 1 1
7 4 6
7 5 2
7 6 9
7 8 1
7 10 3
7 13 6
7 14 8
7 18 4
7 23 4
7 24 6
7 28 6
7 31 8
7 33 0
7 36 1
7 39 0
7 43 3
7 44 8
7 45 0
7 48 9
7 49 5
8 0 6
8 1 9
8 2 3
8 8 6
8 9 9
8 11 5
8 12 0
8 13 3
8 17 0
8 24 9
8 25 4
8 26 3
8 33 5
8 37 8
8 38 2
8 39 4
8 44 5
8 45 5
8 46 2
8 48 8
9 0 5
9 2 3
9 4 6
9 7 9
9 8 6
9 9 9
9 10 2
9 12 1
9 14 2
9 16 1
9 22 1
9 26 1
9 28 3
9 29 8
9 34 4
9 39 8
9 41 6
9 46 2
10 4 4
10 5 1
10 7 7
10 9 7
10 13 2
10 16 7
10 17 9
10 19 9
10 20 7
10 21 5
10 28 3
10 29 6
10 35 9
10 36 9
10 38 5
10 40 9
10 42 6
10 45 5
10 49 7
11 1 5
11 13 3
11 14 4
11 18 5
11 20 3
11 21 6
11 24 4
11 28 1
11 29 9
11 40 0
11 43 5
12 1 1
12 3 3
12 7 4
12 8 2
12 11 3
12 12 0
12 14 0
12 16 0
12 19 3
12 23 3
12 24 8
12 28 1
12 34 2
12 35 6
12 36 8
12 38 2
13 1 6
13 5 5
13 6 2
13 7 9
13 20 2
13 24 4
13 32 6
13 36 1
13 41 7
13 42 9
13 46 5
14 1 8
14 4 1
14 5 8
14 11 2
14 13 8
14 16 9
14 17 3
14 18 1
14 19 0
14 20 8
14 23 2
14 24 1
14 26 1
14 28 6
14 43 4
14 44 7
15 0 5
15 4 9
15 5 5
15 6 7
15 7 2
15 8 7
15 11 8
15 17 1
15 18 7
15 23 6
15 28 4
15 29 0
15 30 8
15 38 2
15 40 5
15 41 4
15 43 0
15 48 5
16 5 3
16 11 5
16 14 6
16 17 4
16 20 4
16 30 4
16 32 2
16 33 2
16 34 5
16 35 6
16 42 1
16 48 6
16 49 8
17 1 3
17 3 7
17 4 8
17 6 2
17 8 8
17 24 5
17 25 2
17 33 3
17 35 0
17 37 1
17 40 2
17 41 2
17 46 3
17 48 4
18 2 8
18 4 6
18 15 7
18 18 9
18 23 7
18 27 9
18 29 2
18 32 5
18 46 7
19 9 6
19 10 3
19 13 1
19 17 0
19 20 3
19 22 0
19 23 5
19 24 7
19 27 5
19 30 5
19 32 4
19 33 3
19 41 0
19 45 2
20 3 1
20 4 5
20 6 8
20 8 8
20 9 1
20 11 0
20 12 0
20 14 7
20 17 9
20 18 7
20 19 0
20 24 2
20 27 2
20 29 5
20 31 4
20 34 4
20 40 9
20 41 8
20 42 3
20 43 9
20 45 7
21 16 8
21 20 9
21 29 0
21 31 0
21 39 6
21 43 0
21 48 0
21 49 0
22 3 6
22 7 2
22 13 9
22 19 9
22 24 5
22 26 0
22 29 2
22 31 1
22 32 8
22 36 6
22 40 2
22 41 0
22 42 5
22 43 8
22 45 8
23 2 5
23 3 4
23 16 8
23 20 6
23 21 5
23 24 6
23 25 0
23 26 5
23 33 9
23 41 2
23 44 1
23 47 9
23 48 5
24 4 9
24 6 7
24 10 7
24 12 1
24 21 4
24 22 6
24 26 5
24 29 3
24 31 4
24 36 0
24 37 9
24 38 6
24 40 2
24 41 1
24 44 1
24 45 9
25 1 1
25 4 2
25 7 8
25 16 4
25 26 6
25 29 6
25 32 4
25 34 8
25 42 8
25 44 8
26 9 7
26 10 4
26 11 6
26 12 9
26 14 9
26 16 8
26 18 4
26 21 0
26 25 1
26 28 9
26 33 2
26 34 6
26 36 3
26 38 1
26 42 3
26 44 5
27 0 5
27 1 6
27 7 8
27 9 3
27 11 6
27 12 4
27 18 3
27 19 5
27 21 0
27 24 6
27 26 3
27 34 2
27 35 6
27 36 1
27 38 0
27 40 6
28 3 8
28 6 2
28 10 8
28 12 0
28 15 1
28 21 1
28 24 9
28 25 3
28 28 6
28 32 4
28 33 0
28 35 8
28 37 5
28 38 2
28 41 2
28 42 3
29 2 5
29 3 3
29 7 2
29 12 7
29 13 3
29 32 8
29 37 9
29 42 6
29 43 7
29 47 5
30 0 6
30 1 9
30 4 6
30 7 0
30 8 0
30 10 2
30 12 2
30 13 0
30 16 0
30 19 3
30 20 8
30 26 5
30 29 2
30 34 5
30 39 3
30 47 2
31 7 5
31 10 1
31 13 9
31 14 8
31 19 2
31 31 4
31 38 3
31 45 6
32 6 4
32 9 2
32 12 1
32 16 7
32 17 6
32 18 8
32 27 0
32 32 4
32 35 1
32 38 3
32 39 6
32 42 8
32 45 4
33 5 5
33 11 8
33 15 5
33 16 1
33 20 0
33 21 5
33 23 4
33 27 5
33 32 3
33 33 9
33 41 9
33 43 4
33 45 4
33 46 5
33 47 0
33 48 4
34 8 4
34 14 9
34 17 4
34 19 8
34 20 3
34 21 4
34 22 4
34 23 8
34 25 7
34 26 5
34 29 7
34 42 2
34 44 8
34 46 6
34 48 6
34 49 2
35 1 1
35 2 6
35 5 4
35 6 6
35 9 5
35 11 7
35 15 8
35 18 0
35 21 4
35 22 3
35 28 9
35 29 0
35 32 7
35 33 3
35 34 5
35 39 2
35 42 0
35 44 4
35 47 4
35 48 2
35 49 5
36 7 6
36 8 7
36 9 5
36 11 5
36 12 9
36 27 7
36 28 7
36 29 1
36 31 3
36 37 1
36 38 2
36 41 6
36 42 4
36 49 3
37 4 8
37 8 8
37 10 0
37 11 2
37 13 8
37 14 5
37 19 2
37 20 7
37 21 7
37 26 0
37 34 1
37 35 2
37 36 7
37 39 0
37 41 4
37 46 3
37 47 2
37 48 3
38 0 5
38 3 6
38 4 4
38 11 4
38 18 4
38 23 8
38 28 2
38 29 4
38 30 3
38 37 9
38 41 6
38 46 1
39 2 4
39 3 2
39 8 0
39 9 9
39 12 9
39 13 1
39 26 5
39 29 1
39 30 9
39 33 9
39 37 8
39 38 8
39 39 4
39 41 8
39 42 4
39 43 6
39 44 3
39 48 2
40 1 6
40 4 2
40 5 0
40 10 8
40 11 0
40 14 0
40 16 5
40 21 3
40 22 0
40 23 4
40 24 3
40 30 9
40 32 1
40 34 2
40 35 4
40 42 9
41 5 6
41 6 2
41 18 4
41 25 7
41 26 5
41 29 3
41 34 2
41 35 5
41 37 9
41 38 6
41 39 7
41 47 3
42 5 9
42 7 8
42 13 6
42 15 8
42 17 8
42 30 7
42 33 7
42 35 1
42 37 3
42 38 9
42 43 6
43 0 1
43 1 2
43 5 4
43 10 4
43 18 8
43 26 4
43 27 4
43 29 6
43 34 2
43 37 8
43 39 6
43 44 4
43 47 1
44 4 1
44 6 5
44 7 7
44 8 9
44 11 6
44 18 5
44 21 0
44 32 6
44 36 6
44 37 3
45 3 9
45 6 3
45 8 8
45 10 1
45 17 1
45 22 1
45 23 8
45 25 0
45 26 3
45 27 3
45 28 9
45 31 4
45 38 2
46 3 8
46 5 7
46 9 2
46 12 3
46 19 8
46 22 5
46 23 7
46 25 9
46 27 4
46 30 0
46 42 6
46 47 8
47 5 3
47 8 2
47 11 7
47 16 0
47 18 7
47 20 2
47 21 2
47 22 7
47 25 7
47 28 3
47 30 2
47 33 9
47 37 4
47 42 3
48 2 3
48 6 3
48 9 5
48 11 2
48 14 6
48 20 8
48 22 6
48 23 7
48 26 9
48 32 0
48 34 3
48 36 6
48 37 2
48 43 1
48 45 3
48 46 6
49 2 3
49 14 0
49 15 7
49 20 5
49 27 3
49 32 8
49 34 6
49 35 2
49 37 5
49 46 2
50 0 7
50 3 1
50 6 0
50 7 6
50 14 4
50 17 8
50 18 0
50 19 6
50 21 3
50 24 4
50 25 9
50 28 6
50 29 9
50 31 0
50 32 1
50 34 8
50 35 3
50 36 5
50 39 5
51 7 8
51 13 2
51 18 3
51 21 8
51 22 4
51 26 3
51 27 3
51 30 9
51 31 2
51 36 2
51 37 2
51 39 0
51 42 4
51 45 8
51 47 4
51 48 6
51 49 4
52 4 8
52 9 6
52 13 8
52 14 5
52 15 5
52 20 0
52 23 9
52 24 2
52 25 1
52 31 1
52 32 3
52 37 7
52 44 2
52 45 8
53 3 2
53 4 7
53 5 2
53 9 5
53 10 0
53 11 0
53 15 1
53 21 4
53 23 0
53 25 4
53 26 0
53 32 8
53 33 4
53 41 7
53 42 6
53 49 8
54 0 0
54 4 8
54 10 2
54 15 2
54 16 6
54 17 7
54 20 0
54 24 8
54 27 3
54 28 4
54 33 6
54 34 0
54 35 1
54 36 2
54 37 0
54 39 5
54 41 2
54 46 3
54 47 3
55 0 8
55 3 9
55 11 7
55 12 0
55 13 3
55 16 6
55 18 4
55 19 2
55 25 8
55 26 5
55 30 0
55 45 5
55 46 6
55 49 7
56 3 7
56 5 1
56 9 1
56 11 8
56 13 0
56 17 6
56 19 4
56 22 0
56 25 6
56 44 9
56 46 4
57 0 2
57 1 5
57 4 5
57 13 0
57 15 2
57 19 0
57 20 9
57 22 7
57 23 7
57 24 2
57 25 4
57 28 5
57 35 4
57 38 6
57 41 1
57 42 5
57 44 6
58 0 4
58 6 9
58 8 3
58 10 7
58 11 7
58 12 2
58 13 3
58 24 4
58 25 0
58 30 2
58 41 7
58 42 5
58 43 3
58 45 3
58 47 1
58 48 7
59 1 3
59 2 3
59 10 2
59 12 5
59 15 5
59 17 3
59 23 1
59 24 3
59 26 5
59 27 4
59 31 8
59 33 6
59 34 5
59 35 6
59 39 6
59 40 5
59 47 3
59 48 8
59 49 6
60 0 6
60 3 2
60 11 7
60 12 4
60 13 5
60 17 3
60 19 8
60 23 9
60 29 5
60 30 3
60 33 3
60 44 2
60 45 7
61 2 7
61 4 4
61 6 2
61 7 4
61 11 1
61 12 5
61 13 5
61 14 0
61 18 2
61 21 6
61 23 1
61 26 5
61 28 8
61 29 1
61 33 8
61 37 1
61 39 4
61 41 7
61 46 6
61 47 1
61 48 7
62 3 0
62 20 7
62 24 6
62 27 2
62 30 4
62 41 5
62 42 6
63 0 7
63 5 2
63 6 1
63 7 1
63 8 5
63 15 4
63 20 4
63 24 5
63 25 9
63 28 6
63 30 3
63 32 8
63 38 5
63 41 6
63 44 8
64 8 7
64 13 2
64 15 9
64 16 9
64 17 2
64 18 0
64 19 4
64 20 9
64 23 1
64 25 8
64 26 0
64 29 9
64 31 2
64 32 1
64 39 4
64 47 2
64 48 6
64 49 7
65 3 5
65 6 2
65 9 2
65 12 5
65 13 8
65 16 8
65 17 6
65 18 4
65 19 7
65 20 3
65 23 3
65 24 1
65 31 9
65 34 3
65 38 5
65 44 0
66 0 5
66 12 3
66 18 9
66 21 9
66 25 3
66 30 9
66 34 0
66 37 4
66 49 6
67 3 3
67 4 2
67 5 2
67 11 8
67 15 2
67 16 7
67 17 3
67 19 2
67 21 0
67 22 3
67 23 7
67 26 7
67 29 9
67 31 6
67 33 5
67 38 8
67 39 0
67 43 0
67 45 9
67 49 5
68 0 0
68 3 3
68 4 0
68 9 6
68 13 4
68 14 0
68 20 3
68 21 9
68 22 6
68 26 4
68 39 2
68 43 7
68 44 0
68 45 3
68 46 0
68 48 4
68 49 1
69 7 2
69 11 7
69 14 8
69 17 0
69 25 5
69 29 9
69 32 6
69 49 1
70 1 5
70 3 6
70 11 6
70 13 0
70 14 2
70 19 0
70 23 3
70 25 0
70 29 7
70 35 5
70 36 4
70 41 8
70 44 4
70 46 5
71 5 4
71 7 5
71 12 1
71 13 4
71 22 0
71 23 1
71 29 5
71 33 3
71 36 1
71 37 5
71 38 8
71 39 5
71 40 3
71 47 9
71 48 3
71 49 4
72 1 6
72 2 9
72 3 4
72 6 5
72 10 3
72 15 3
72 17 5
72 19 3
72 22 0
72 24 2
72 33 5
72 34 5
72 35 9
72 37 6
72 38 7
72 40 3
72 42 5
72 46 4
73 6 7
73 8 7
73 15 2
73 19 5
73 20 9
73 21 5
73 25 9
73 28 8
73 36 2
73 38 4
73 41 4
73 47 3
73 49 1
74 4 9
74 5 3
74 8 0
74 10 5
74 12 1
74 13 2
74 16 7
74 18 9
74 21 9
74 34 2
74 36 9
74 38 5
74 41 5
74 43 3
74 49 2
75 1 4
75 3 1
75 11 1
75 17 5
75 25 2
75 26 2
75 27 2
75 31 1
75 34 7
75 47 3
76 0 8
76 3 0
76 10 0
76 15 4
76 17 0
76 20 3
76 22 4
76 23 8
76 24 6
76 25 3
76 31 1
77 4 8
77 6 2
77 7 2
77 8 4
77 10 7
77 11 9
77 14 4
77 15 8
77 25 5
77 26 8
77 27 9
77 28 0
77 30 7
77 32 8
77 34 0
77 40 8
77 42 8
77 47 1
78 0 4
78 1 5
78 5 1
78 6 6
78 8 7
78 11 6
78 13 1
78 17 5
78 23 4
78 24 1
78 28 2
78 31 0
78 35 6
78 40 4
78 42 8
79 1 8
79 2 3
79 3 5
79 11 5
79 12 2
79 14 3
79 15 2
79 21 7
79 24 0
79 37 9
79 40 7
79 43 0
80 5 9
80 6 2
80 9 0
80 10 3
80 12 2
80 14 8
80 19 4
80 20 7
80 23 8
80 24 0
80 29 1
80 30 9
80 31 1
80 36 9
80 39 3
80 44 7
80 46 8
80 49 2
81 2 9
81 3 0
81 5 8
81 7 1
81 8 3
81 11 8
81 13 0
81 15 6
81 18 0
81 26 9
81 27 0
81 28 6
81 30 3
81 34 3
81 38 7
81 40 0
81 42 4
81 45 6
81 48 6
82 1 7
82 5 3
82 11 5
82 22 4
82 23 8
82 24 2
82 29 9
82 31 2
82 32 6
82 34 3
82 38 7
82 40 7
82 41 8
82 42 1
82 45 5
83 1 0
83 3 0
83 7 0
83 10 3
83 13 2
83 18 7
83 20 0
83 21 6
83 25 6
83 26 7
83 28 3
83 29 5
83 31 9
83 32 4
83 34 9
83 36 2
83 44 7
83 46 8
84 1 1
84 3 6
84 5 9
84 7 4
84 9 4
84 11 6
84 12 4
84 15 3
84 22 8
84 26 6
84 29 4
84 34 6
84 35 5
84 38 4
84 39 2
85 0 2
85 12 5
85 13 7
85 15 9
85 16 1
85 18 7
85 23 3
85 24 0
85 27 8
85 29 1
85 43 2
85 44 4
85 47 0
86 8 6
86 14 1
86 15 9
86 16 4
86 17 8
86 18 2
86 22 9
86 23 2
86 24 1
86 25 7
86 27 4
86 28 7
86 32 7
86 36 1
86 39 0
86 40 7
86 42 1
86 45 2
86 47 1
86 48 6
86 49 3
87 2 9
87 3 1
87 4 5
87 12 1
87 17 2
87 21 8
87 22 9
87 23 2
87 30 5
87 35 6
87 37 9
87 41 3
87 44 7
87 45 7
87 46 0
87 47 4
88 0 1
88 7 8
88 8 1
88 11 4
88 15 9
88 18 7
88 21 1
88 24 1
88 26 5
88 29 9
88 31 6
88 37 2
88 39 3
88 41 8
88 42 1
88 45 7
88 46 3
89 5 7
89 6 2
89 10 3
89 12 8
89 19 5
89 29 5
89 33 0
89 36 3
89 37 1
89 46 2
89 47 9
89 49 8
90 2 2
90 6 2
90 7 1
90 9 2
90 10 8
90 13 9
90 14 1
90 16 5
90 17 6
90 19 9
90 24 0
90 27 8
90 28 3
90 31 9
90 33 2
90 37 9
90 46 4
90 47 9
90 48 1
91 3 5
91 6 2
91 8 6
91 10 7
91 11 4
91 15 0
91 16 8
91 18 5
91 19 6
91 21 8
91 23 0
91 30 5
91 31 2
91 33 6
91 36 8
91 44 0
91 45 3
91 47 4
91 49 3
92 2 9
92 12 4
92 19 2
92 22 7
92 24 1
92 25 0
92 28 6
92 33 5
92 35 4
92 39 3
92 40 4
92 42 9
93 2 9
93 5 4
93 7 4
93 10 6
93 12 0
93 13 6
93 21 3
93 24 0
93 25 3
93 28 2
93 32 8
93 33 7
93 34 6
93 36 6
93 37 0
93 39 6
93 49 6
94 2 4
94 6 2
94 10 1
94 13 8
94 17 1
94 19 3
94 21 8
94 24 1
94 27 6
94 31 3
94 34 5
94 38 8
94 44 6
94 46 7
95 2 0
95 3 4
95 6 4
95 12 8
95 13 7
95 23 9
95 25 4
95 26 1
95 27 7
95 34 0
95 39 6
95 40 5
95 42 9
95 48 0
95 49 5
96 0 0
96 3 7
96 7 5
96 9 9
96 10 7
96 18 7
96 30 2
96 35 2
96 37 1
96 38 3
97 1 6
97 3 3
97 4 5
97 7 0
97 18 1
97 20 0
97 24 5
97 28 6
97 40 5
97 42 7
97 43 1
98 3 1
98 4 6
98 7 4
98 9 5
98 10 4
98 18 4
98 19 3
98 23 3
98 27 1
98 29 0
98 30 8
98 32 3
98 33 3
98 37 0
98 39 2
98 46 2
98 47 0
99 0 7
99 9 4
99 11 3
99 13 8
99 14 0
99 15 4
99 16 4
99 21 4
99 22 0
99 26 8
99 32 2
99 39 3
99 41 9
99 45 9
99 49 1
