80 100 423
0 1 5
0 36 2
0 40 6
0 46 4
0 48 5
1 10 9
1 13 9
1 28 2
1 49 7
1 62 3
1 71 6
1 80 4
1 89 3
2 3 7
2 12 2
2 13 8
2 31 8
2 37 3
2 52 1
2 72 9
2 74 1
3 7 1
3 55 4
3 77 5
3 99 7
4 4 2
4 55 4
4 59 2
4 61 4
4 70 6
5 21 2
5 55 2
5 58 5
5 60 1
5 62 5
5 77 6
5 90 4
6 9 3
6 51 4
6 55 7
6 61 1
6 75 2
7 38 1
7 53 7
7 80 5
8 22 5
8 35 6
8 42 6
8 44 8
8 53 4
8 75 7
9 22 8
9 37 2
9 39 3
9 53 7
9 89 3
9 93 6
10 15 7
10 25 3
10 83 5
10 96 6
10 98 9
11 25 6
11 30 6
11 33 5
11 64 9
11 66 7
11 70 7
11 79 9
11 91 3
11 92 9
12 0 4
12 31 2
12 54 1
13 1 8
13 9 4
13 16 9
13 56 1
13 58 7
13 81 2
13 93 1
13 97 2
14 31 5
14 64 1
14 65 2
15 1 1
15 5 4
15 36 6
15 50 4
15 60 8
15 70 3
15 94 3
16 12 8
16 42 2
16 81 5
16 85 5
17 17 9
17 21 2
17 27 3
17 29 5
17 49 8
17 50 7
17 51 1
17 64 8
17 73 5
17 81 6
17 97 4
18 2 6
18 36 8
18 90 1
18 94 8
19 71 2
19 81 5
19 87 6
19 96 4
19 99 2
20 13 1
20 31 8
20 34 2
20 75 9
21 47 9
21 82 6
21 95 6
22 18 1
22 30 4
22 40 7
22 41 1
22 80 8
22 85 1
22 97 7
23 14 6
23 34 5
23 56 4
24 8 5
24 9 8
24 33 9
24 85 4
24 91 7
24 96 3
25 30 4
25 34 3
25 38 8
25 49 7
25 55 5
25 65 4
25 69 2
25 96 9
26 7 9
26 19 3
26 69 6
26 78 5
26 80 5
26 81 5
26 86 4
27 2 8
27 5 4
27 9 4
27 62 4
27 86 9
28 17 4
28 26 3
28 63 9
28 68 8
28 90 6
28 94 6
29 25 3
29 32 8
29 49 8
29 62 8
29 78 7
30 15 8
30 37 9
30 41 7
30 67 1
30 77 6
30 84 2
31 3 6
31 9 6
31 11 4
31 15 1
31 45 6
31 66 2
31 83 6
31 86 1
32 35 2
32 62 4
32 69 7
33 4 9
33 28 5
33 38 2
33 50 2
33 52 9
33 60 7
33 61 3
33 77 4
34 4 5
34 8 2
34 29 2
34 36 3
34 41 5
34 46 9
34 98 1
35 12 9
35 68 8
35 88 4
36 53 9
36 81 1
36 89 9
37 14 7
37 35 5
37 39 2
37 57 6
37 79 7
37 81 6
37 89 7
38 5 6
38 41 2
38 47 9
38 69 8
38 84 3
38 94 2
39 13 1
39 51 8
39 91 7
39 94 4
40 6 8
40 18 9
40 37 9
40 45 6
40 84 2
40 94 6
41 22 3
41 27 2
41 29 1
41 74 4
41 92 8
41 97 2
42 1 5
43 31 9
43 39 9
43 79 9
43 95 4
43 96 8
44 0 6
44 11 9
44 48 7
44 94 5
44 97 1
45 11 1
45 75 3
45 85 4
45 99 8
46 20 9
46 38 3
46 51 4
46 55 4
46 59 5
46 71 9
46 82 2
47 11 2
47 21 1
47 69 2
47 93 7
48 34 5
48 37 2
48 41 9
48 47 9
48 73 7
48 83 7
49 31 6
49 42 5
49 65 2
49 74 1
49 76 6
49 80 4
49 91 2
50 84 4
50 93 4
50 96 2
51 8 9
51 12 3
51 35 3
51 42 4
51 72 1
52 11 4
52 47 9
52 53 7
52 89 3
52 90 6
53 0 5
53 63 4
53 91 6
53 96 4
54 0 8
54 26 3
54 38 4
54 60 5
55 10 1
55 41 9
55 48 3
55 86 4
56 7 2
56 15 8
56 44 9
56 64 7
56 83 4
56 91 4
57 7 4
57 10 2
57 22 7
57 26 3
57 85 5
58 16 6
58 29 7
58 82 3
58 83 2
58 85 7
59 38 1
59 51 2
59 54 1
59 87 9
59 91 4
60 1 2
60 24 8
60 51 9
60 58 3
61 70 3
61 80 2
62 35 7
62 68 5
62 94 3
63 6 2
63 9 1
63 28 2
63 36 4
63 38 8
63 52 6
63 60 8
63 82 2
63 95 9
64 30 6
64 44 7
65 1 6
65 8 5
65 10 2
65 17 4
65 24 1
65 33 9
65 34 9
65 38 7
65 74 5
65 78 7
65 82 9
65 94 3
65 98 3
66 2 1
66 16 5
66 23 2
66 96 2
67 7 4
67 26 6
67 31 1
67 57 4
67 69 8
67 73 1
67 85 4
68 27 3
68 36 6
68 53 9
68 87 8
69 11 8
69 53 1
69 54 3
69 57 2
69 96 8
70 15 2
70 32 5
70 89 2
71 6 4
71 48 2
71 62 9
71 74 5
71 78 9
71 79 6
71 99 8
72 5 7
72 22 4
72 59 6
72 80 9
73 6 6
73 28 8
73 50 4
73 84 3
73 93 9
74 2 1
74 47 5
74 66 5
74 73 6
75 0 9
75 25 9
75 37 1
75 52 6
75 65 5
76 16 9
76 28 7
76 45 4
76 52 1
76 54 6
76 80 9
76 94 1
77 66 1
77 76 8
78 4 7
78 37 5
78 52 7
78 56 7
78 71 9
78 76 2
78 90 4
78 99 7
79 67 1
79 68 1
79 84 3
