80 100 388
0 21 0
0 33 2
0 58 1
0 69 1
1 12 5
1 59 9
1 68 9
2 7 2
2 8 9
2 33 6
2 52 9
2 97 2
3 33 7
3 50 4
3 62 3
3 97 1
4 32 8
4 39 9
5 6 8
5 10 0
5 82 4
6 7 1
6 24 4
6 34 2
6 36 0
6 85 8
7 34 2
7 39 1
7 40 6
7 86 6
8 25 6
8 65 9
8 78 5
9 1 6
9 7 6
9 28 3
9 53 6
9 74 5
9 84 7
9 90 1
10 0 9
10 7 1
10 25 5
10 51 9
10 63 4
10 66 2
10 68 8
10 97 7
11 6 5
11 12 1
11 27 8
11 28 1
11 55 2
11 66 8
11 74 9
11 90 3
11 96 1
12 2 9
12 12 9
12 58 4
12 63 5
12 72 0
12 74 8
12 88 1
13 37 0
13 38 2
13 40 1
13 54 4
13 56 5
13 83 3
13 87 9
13 93 5
14 3 9
14 8 1
14 12 6
14 21 8
14 82 0
15 7 0
15 78 8
15 79 7
16 9 2
16 37 3
16 65 4
16 81 4
17 23 1
17 33 4
17 51 6
17 54 0
17 61 0
17 84 5
18 22 2
18 24 5
18 51 6
19 44 2
19 55 1
19 79 2
19 94 1
19 95 2
20 8 3
20 42 3
21 42 6
21 46 6
21 47 0
21 58 4
21 94 4
22 6 9
22 28 8
22 59 3
22 99 0
23 16 0
23 54 1
23 62 4
23 80 3
23 95 8
24 29 2
24 48 8
24 52 0
24 70 4
24 72 8
24 83 7
25 16 5
25 17 0
25 35 5
25 42 5
25 67 3
25 72 2
26 5 8
26 20 1
26 33 9
26 87 3
27 5 3
27 33 0
27 82 5
27 83 0
27 92 0
27 99 9
28 5 9
28 7 0
29 1 5
29 21 7
29 29 9
29 33 5
29 60 3
29 74 4
30 44 9
30 70 0
30 87 5
31 24 4
31 43 3
31 45 9
31 51 1
32 5 1
32 21 5
32 33 4
32 49 0
32 75 7
32 77 5
32 87 6
32 92 8
32 94 7
33 13 6
33 37 7
33 51 1
33 93 9
34 86 9
35 50 7
35 53 7
36 12 3
36 32 1
36 53 8
36 72 4
37 26 4
37 30 6
37 34 2
37 40 9
37 54 0
37 68 2
37 78 9
37 89 7
37 96 7
38 15 9
38 38 5
38 63 7
38 71 4
38 79 7
38 82 6
38 99 2
39 8 3
39 27 5
39 82 1
40 3 3
40 4 7
40 51 7
40 74 6
40 80 0
40 94 0
41 23 5
41 31 1
41 62 1
41 73 6
41 88 8
42 5 7
42 20 2
42 34 5
42 43 6
42 69 3
42 80 7
42 83 6
42 85 9
42 92 8
43 0 5
43 11 0
43 78 7
44 28 3
45 17 7
45 20 1
45 22 2
45 23 0
45 38 7
45 65 4
45 85 7
46 10 4
46 49 1
46 54 4
46 61 4
47 1 2
47 18 4
47 28 6
47 32 6
47 47 5
47 61 7
47 97 9
48 20 6
48 31 0
48 40 6
48 58 1
48 71 5
48 77 2
48 85 4
48 90 1
48 95 8
48 97 9
49 1 8
49 28 0
49 29 2
49 50 8
49 67 2
49 69 1
49 85 4
50 6 8
50 29 0
50 46 5
50 61 4
50 63 3
50 88 1
50 90 1
51 7 2
51 87 5
51 99 9
52 64 5
52 76 3
52 77 5
52 98 4
53 91 9
53 96 4
53 97 9
54 4 5
54 45 7
54 65 9
55 5 7
55 31 4
55 65 8
55 70 5
55 77 0
55 86 5
55 87 7
55 97 5
56 20 8
56 69 2
56 92 9
57 13 6
57 16 5
57 23 6
57 31 9
57 78 7
57 95 1
58 70 0
58 90 9
59 14 0
59 85 9
59 86 2
59 91 5
59 93 0
60 10 9
60 36 7
60 39 5
60 70 4
60 80 8
60 85 8
61 9 8
61 15 6
61 26 3
61 47 7
61 52 4
61 69 6
61 85 1
61 90 2
62 5 4
62 7 3
62 37 7
62 64 8
62 65 4
62 71 7
63 46 3
63 57 3
63 73 7
64 6 7
64 34 5
64 36 5
64 37 6
64 63 7
64 96 0
65 15 2
65 40 3
65 87 9
66 15 1
66 22 2
66 30 7
67 29 9
67 57 6
67 60 4
67 62 0
67 65 7
67 98 8
68 14 8
68 51 3
68 79 3
68 83 4
68 84 1
69 16 2
69 23 4
69 42 4
69 70 5
69 82 4
69 88 2
69 90 9
70 19 5
70 20 4
70 78 5
70 79 4
71 1 0
71 15 0
71 22 4
71 29 6
71 33 3
71 48 6
71 59 5
71 66 5
71 99 3
72 0 8
72 2 6
72 6 0
72 23 7
73 9 4
73 75 5
73 78 7
73 89 7
74 20 7
74 47 0
74 48 5
74 55 0
74 70 6
75 13 2
75 24 0
75 75 4
76 51 8
76 54 3
76 66 9
77 15 0
77 19 3
77 48 5
77 94 2
78 42 6
78 46 3
79 9 9
79 44 3
79 56 3
79 77 7
